>>>>>>>>>>>>>>>>>>>>>>>>Linear Model Evaluation>>>>>>>>>>>>>>>>>>>>>>>
Mean:  5.029626393599358
Std:  1.0634430508591335

>>>>>>>>>>>>>>>>>>>>>>>>>>>>>>Decision Tree Regressor Evaluation >>>>>>>>>>>>>>
Mean:  4.100206721799772
Std:  0.6471536813527818

>>>>>>>>>>>>>>>>>>..Random Forest Regressor>>>>>>>>>>>>>>>>>>>
Mean:  3.3491635502160193
Std:  0.6071473194892372